SpectrumNumber	Isotope	Detector	Conditions	Voltage (V)	Current (nA)	Temperature (deg)	Energy(keV)	ΔEnergy(keV)	FWHM(keV)	ΔFWHM(keV)	Amplitude	ΔAmplitude	Adj.R^2
01	Ra-226	det3	vacuum	400	5.19	21.2	4786.49	0.72	94.21	1.80	8.88	0.14	0.77519
01	Ra-226	det3	vacuum	400	5.19	21.2	5309.15	1.22	94.70	3.08	6.05	0.16	0.73077
01	Ra-226	det3	vacuum	400	5.19	21.2	5493.14	1.22	90.20	3.08	8.50	0.16	0.73077
01	Ra-226	det3	vacuum	400	5.19	21.2	6007.11	0.70	95.28	1.75	8.82	0.13	0.79345
01	Ra-226	det3	vacuum	400	5.19	21.2	7685.78	0.60	88.47	1.50	8.94	0.13	0.82476
02	Ra-226	det3	vacuum	350	4.68	21.2	4789.32	0.73	94.42	1.82	8.75	0.14	0.77258
02	Ra-226	det3	vacuum	350	4.68	21.2	5319.44	1.33	105.44	3.40	5.62	0.15	0.73838
02	Ra-226	det3	vacuum	350	4.68	21.2	5502.09	1.33	89.66	3.40	8.39	0.15	0.73838
02	Ra-226	det3	vacuum	350	4.68	21.2	6014.24	0.65	95.42	1.63	8.87	0.13	0.81486
02	Ra-226	det3	vacuum	350	4.68	21.2	7694.45	0.63	90.42	1.58	8.92	0.13	0.81354
03	Ra-226	det3	vacuum	300	4.50	21.2	4801.98	0.80	98.00	2.02	8.35	0.14	0.74585
03	Ra-226	det3	vacuum	300	4.50	21.2	5331.16	1.09	94.73	2.74	6.35	0.15	0.75796
03	Ra-226	det3	vacuum	300	4.50	21.2	5514.55	1.09	86.67	2.74	8.45	0.15	0.75796
03	Ra-226	det3	vacuum	300	4.50	21.2	6030.85	0.62	89.41	1.55	9.34	0.13	0.81392
03	Ra-226	det3	vacuum	300	4.50	21.2	7716.31	0.66	90.64	1.66	8.65	0.13	0.80012
04	Ra-226	det3	vacuum	250	4.33	21.2	4817.64	0.73	101.65	1.82	8.43	0.13	0.78971
04	Ra-226	det3	vacuum	250	4.33	21.2	5348.14	1.19	98.27	3.00	6.13	0.16	0.74034
04	Ra-226	det3	vacuum	250	4.33	21.2	5533.77	1.19	89.35	3.00	8.33	0.16	0.74034
04	Ra-226	det3	vacuum	250	4.33	21.2	6052.63	0.68	90.23	1.70	8.91	0.14	0.78963
04	Ra-226	det3	vacuum	250	4.33	21.2	7743.00	0.68	92.54	1.70	8.64	0.13	0.79543
05	Ra-226	det3	vacuum	200	4.14	21.2	4833.51	0.75	96.03	1.88	8.69	0.14	0.76679
05	Ra-226	det3	vacuum	200	4.14	21.2	5364.06	1.24	103.33	3.16	5.69	0.14	0.75143
05	Ra-226	det3	vacuum	200	4.14	21.2	5550.03	1.24	87.48	3.16	8.38	0.14	0.75143
05	Ra-226	det3	vacuum	200	4.14	21.2	6067.90	0.66	92.78	1.64	9.16	0.13	0.80555
05	Ra-226	det3	vacuum	200	4.14	21.2	7767.26	0.64	92.37	1.61	8.61	0.12	0.81130
06	Ra-226	det3	vacuum	160	3.95	21.2	4845.90	0.65	89.67	1.62	9.58	0.14	0.80038
06	Ra-226	det3	vacuum	160	3.95	21.2	5376.82	1.18	96.50	2.98	5.83	0.15	0.76354
06	Ra-226	det3	vacuum	160	3.95	21.2	5562.33	1.18	87.70	2.98	8.78	0.15	0.76354
06	Ra-226	det3	vacuum	160	3.95	21.2	6083.43	0.56	83.30	1.41	9.93	0.14	0.82972
06	Ra-226	det3	vacuum	160	3.95	21.2	7785.29	0.63	89.94	1.58	9.28	0.13	0.81474
07	Ra-226	det3	vacuum	140	3.91	21.2	4850.24	0.71	93.36	1.77	9.13	0.14	0.78050
07	Ra-226	det3	vacuum	140	3.91	21.2	5385.04	1.22	95.65	3.08	6.16	0.17	0.72707
07	Ra-226	det3	vacuum	140	3.91	21.2	5568.96	1.22	83.65	3.08	8.65	0.17	0.72707
07	Ra-226	det3	vacuum	140	3.91	21.2	6090.06	0.66	86.84	1.65	9.33	0.15	0.79123
07	Ra-226	det3	vacuum	140	3.91	21.2	7794.95	0.60	87.29	1.50	9.18	0.13	0.82259
08	Ra-226	det3	vacuum	120	3.79	21.2	4853.41	0.69	90.93	1.74	9.26	0.15	0.78071
08	Ra-226	det3	vacuum	120	3.79	21.2	5392.89	1.21	96.65	3.06	5.71	0.15	0.77236
08	Ra-226	det3	vacuum	120	3.79	21.2	5577.09	1.21	86.23	3.06	9.22	0.15	0.77236
08	Ra-226	det3	vacuum	120	3.79	21.2	6097.18	0.59	89.95	1.48	8.95	0.12	0.83187
08	Ra-226	det3	vacuum	120	3.79	21.2	7804.99	0.56	83.02	1.39	9.84	0.14	0.83059
09	Ra-226	det3	vacuum	110	3.73	21.2	4856.95	0.70	89.36	1.75	9.21	0.15	0.77287
09	Ra-226	det3	vacuum	110	3.73	21.2	5391.57	1.11	96.97	2.81	6.33	0.15	0.76347
09	Ra-226	det3	vacuum	110	3.73	21.2	5577.73	1.11	85.13	2.81	8.83	0.15	0.76347
09	Ra-226	det3	vacuum	110	3.73	21.2	6101.06	0.68	88.70	1.70	8.90	0.14	0.78540
09	Ra-226	det3	vacuum	110	3.73	21.2	7809.48	0.62	87.30	1.55	9.23	0.14	0.81115
10	Ra-226	det3	vacuum	100	3.64	21.2	4857.79	0.69	91.59	1.72	9.10	0.14	0.78586
10	Ra-226	det3	vacuum	100	3.64	21.2	5394.06	1.31	99.70	3.32	5.95	0.17	0.73007
10	Ra-226	det3	vacuum	100	3.64	21.2	5583.19	1.31	84.04	3.32	9.13	0.17	0.73007
10	Ra-226	det3	vacuum	100	3.64	21.2	6103.25	0.62	87.79	1.55	9.42	0.14	0.81095
10	Ra-226	det3	vacuum	100	3.64	21.2	7810.60	0.54	86.73	1.36	10.10	0.13	0.84780
11	Ra-226	det3	vacuum	90	3.53	21.2	4861.22	0.70	94.05	1.75	9.09	0.14	0.78705
11	Ra-226	det3	vacuum	90	3.53	21.2	5395.37	1.04	92.15	2.62	6.51	0.15	0.75190
11	Ra-226	det3	vacuum	90	3.53	21.2	5584.08	1.04	86.26	2.62	8.19	0.15	0.75190
11	Ra-226	det3	vacuum	90	3.53	21.2	6106.52	0.62	85.72	1.55	8.96	0.13	0.80744
11	Ra-226	det3	vacuum	90	3.53	21.2	7815.53	0.56	83.11	1.40	10.25	0.14	0.82994
12	Ra-226	det3	vacuum	80	3.38	21.2	4863.34	0.68	90.10	1.71	9.13	0.14	0.78398
12	Ra-226	det3	vacuum	80	3.38	21.2	5401.10	1.05	93.89	2.65	6.51	0.15	0.77613
12	Ra-226	det3	vacuum	80	3.38	21.2	5586.91	1.05	84.11	2.65	9.02	0.15	0.77613
12	Ra-226	det3	vacuum	80	3.38	21.2	6109.99	0.64	90.09	1.62	9.23	0.14	0.80623
12	Ra-226	det3	vacuum	80	3.38	21.2	7818.96	0.60	87.81	1.51	10.07	0.14	0.81908
13	Ra-226	det3	vacuum	70	2.78	21.2	4865.51	0.66	86.93	1.65	9.61	0.15	0.78711
13	Ra-226	det3	vacuum	70	2.78	21.2	5400.44	1.23	97.30	3.10	5.90	0.16	0.73437
13	Ra-226	det3	vacuum	70	2.78	21.2	5587.39	1.23	88.06	3.10	8.37	0.16	0.73437
13	Ra-226	det3	vacuum	70	2.78	21.2	6109.70	0.66	84.60	1.64	9.08	0.15	0.78608
13	Ra-226	det3	vacuum	70	2.78	21.2	7820.52	0.53	82.41	1.34	10.10	0.14	0.84145
14	Ra-226	det3	vacuum	60	2.02	21.2	4866.63	0.69	92.85	1.72	9.03	0.14	0.78810
14	Ra-226	det3	vacuum	60	2.02	21.2	5402.07	1.14	93.10	2.86	6.36	0.16	0.75602
14	Ra-226	det3	vacuum	60	2.02	21.2	5589.12	1.14	82.04	2.86	9.29	0.16	0.75602
14	Ra-226	det3	vacuum	60	2.02	21.2	6112.92	0.62	84.44	1.54	9.18	0.14	0.80590
14	Ra-226	det3	vacuum	60	2.02	21.2	7822.16	0.62	88.81	1.55	10.03	0.14	0.82330
15	Ra-226	det3	vacuum	50	1.77	21.2	4865.82	0.70	85.69	1.76	9.68	0.17	0.76112
15	Ra-226	det3	vacuum	50	1.77	21.2	5399.36	1.19	96.42	3.01	6.00	0.16	0.75595
15	Ra-226	det3	vacuum	50	1.77	21.2	5586.08	1.19	83.94	3.01	9.05	0.16	0.75595
15	Ra-226	det3	vacuum	50	1.77	21.2	6105.91	0.54	81.52	1.35	9.69	0.13	0.83713
15	Ra-226	det3	vacuum	50	1.77	21.2	7813.77	0.66	89.01	1.66	9.40	0.15	0.79326
16	Ra-226	det3	vacuum	40	1.46	21.2	4848.03	0.69	87.09	1.72	9.17	0.15	0.77158
16	Ra-226	det3	vacuum	40	1.46	21.2	5382.26	1.06	86.44	2.66	6.24	0.16	0.78090
16	Ra-226	det3	vacuum	40	1.46	21.2	5568.78	1.06	79.15	2.66	9.64	0.16	0.78090
16	Ra-226	det3	vacuum	40	1.46	21.2	6089.66	0.59	79.21	1.48	9.76	0.15	0.80490
16	Ra-226	det3	vacuum	40	1.46	21.2	7795.58	0.56	79.13	1.39	10.37	0.15	0.81971
