SpectrumNumber	Isotope	Detector	Conditions	Voltage (V)	Current (nA)	Temperature (deg)	Energy(keV)	ΔEnergy(keV)	FWHM(keV)	ΔFWHM(keV)	Amplitude	ΔAmplitude	Adj.R^2
01	Ra-226	det4	HV-keithley	40	0.60	21.0	4861.98	0.62	55.07	1.52	6.57	0.15	0.70091
01	Ra-226	det4	HV-keithley	40	0.60	21.0	5389.78	0.77	47.57	1.87	4.87	0.16	0.72924
01	Ra-226	det4	HV-keithley	40	0.60	21.0	5580.34	0.77	44.51	1.87	7.35	0.16	0.72924
01	Ra-226	det4	HV-keithley	40	0.60	21.0	6105.32	0.55	55.54	1.36	7.06	0.15	0.74437
01	Ra-226	det4	HV-keithley	40	0.60	21.0	7813.94	0.44	51.54	1.07	8.21	0.14	0.80853
02	Ra-226	det4	HV-keithley	50	0.79	21.0	4867.22	0.66	60.29	1.64	6.41	0.15	0.70234
02	Ra-226	det4	HV-keithley	50	0.79	21.0	5396.76	0.80	50.07	1.96	4.72	0.16	0.73465
02	Ra-226	det4	HV-keithley	50	0.79	21.0	5584.90	0.80	46.96	1.96	7.22	0.16	0.73465
02	Ra-226	det4	HV-keithley	50	0.79	21.0	6110.90	0.49	55.69	1.21	7.29	0.13	0.79045
02	Ra-226	det4	HV-keithley	50	0.79	21.0	7821.12	0.43	52.24	1.05	7.99	0.13	0.81914
03	Ra-226	det4	HV-keithley	60	0.92	21.0	4868.67	0.63	54.15	1.54	7.28	0.17	0.68733
03	Ra-226	det4	HV-keithley	60	0.92	21.0	5397.99	0.71	50.19	1.74	4.78	0.14	0.77685
03	Ra-226	det4	HV-keithley	60	0.92	21.0	5588.10	0.71	46.20	1.74	7.32	0.14	0.77685
03	Ra-226	det4	HV-keithley	60	0.92	21.0	6114.47	0.50	57.55	1.24	6.90	0.12	0.79087
03	Ra-226	det4	HV-keithley	60	0.92	21.0	7823.66	0.41	49.60	1.00	8.81	0.15	0.81852
04	Ra-226	det4	HV-keithley	70	1.03	21.0	4870.19	0.66	59.76	1.63	6.31	0.14	0.69917
04	Ra-226	det4	HV-keithley	70	1.03	21.0	5399.15	0.80	50.07	1.96	4.50	0.15	0.75663
04	Ra-226	det4	HV-keithley	70	1.03	21.0	5589.10	0.80	44.58	1.96	7.63	0.15	0.75663
04	Ra-226	det4	HV-keithley	70	1.03	21.0	6114.24	0.48	56.38	1.18	7.13	0.13	0.80129
04	Ra-226	det4	HV-keithley	70	1.03	21.0	7826.81	0.38	49.11	0.92	8.54	0.13	0.83947
05	Ra-226	det4	HV-keithley	80	1.14	21.0	4871.44	0.66	61.06	1.64	6.31	0.14	0.70673
05	Ra-226	det4	HV-keithley	80	1.14	21.0	5396.56	0.69	45.25	1.69	5.20	0.16	0.75965
05	Ra-226	det4	HV-keithley	80	1.14	21.0	5588.85	0.69	47.84	1.69	7.70	0.16	0.75965
05	Ra-226	det4	HV-keithley	80	1.14	21.0	6111.52	0.45	51.44	1.11	7.25	0.13	0.79247
05	Ra-226	det4	HV-keithley	80	1.14	21.0	7825.64	0.44	55.51	1.08	8.31	0.14	0.82338
06	Ra-226	det4	HV-keithley	90	1.26	21.0	4868.77	0.63	58.26	1.56	6.79	0.15	0.71044
06	Ra-226	det4	HV-keithley	90	1.26	21.0	5396.70	0.69	41.83	1.67	4.64	0.16	0.75532
06	Ra-226	det4	HV-keithley	90	1.26	21.0	5587.76	0.69	45.33	1.67	7.30	0.16	0.75532
06	Ra-226	det4	HV-keithley	90	1.26	21.0	6115.13	0.55	56.91	1.37	7.25	0.15	0.75202
06	Ra-226	det4	HV-keithley	90	1.26	21.0	7825.16	0.43	52.15	1.07	8.83	0.15	0.81192
07	Ra-226	det4	HV-keithley	100	1.39	21.0	4869.23	0.67	57.91	1.65	6.61	0.16	0.68309
07	Ra-226	det4	HV-keithley	100	1.39	21.0	5397.74	0.70	48.05	1.70	4.87	0.15	0.74699
07	Ra-226	det4	HV-keithley	100	1.39	21.0	5588.36	0.70	47.97	1.70	6.58	0.15	0.74699
07	Ra-226	det4	HV-keithley	100	1.39	21.0	6114.41	0.48	55.74	1.18	7.96	0.14	0.79706
07	Ra-226	det4	HV-keithley	100	1.39	21.0	7827.72	0.44	54.84	1.08	8.60	0.14	0.81951
08	Ra-226	det4	HV-keithley	110	1.53	21.0	4872.26	0.64	57.90	1.58	6.47	0.15	0.70108
08	Ra-226	det4	HV-keithley	110	1.53	21.0	5397.94	0.73	45.83	1.79	4.62	0.15	0.75023
08	Ra-226	det4	HV-keithley	110	1.53	21.0	5588.86	0.73	43.41	1.79	7.37	0.15	0.75023
08	Ra-226	det4	HV-keithley	110	1.53	21.0	6118.41	0.54	61.29	1.33	7.16	0.13	0.78417
08	Ra-226	det4	HV-keithley	110	1.53	21.0	7828.20	0.47	55.40	1.15	8.58	0.15	0.80328
09	Ra-226	det4	HV-keithley	120	1.69	21.0	4870.87	0.61	60.68	1.50	6.82	0.14	0.74021
09	Ra-226	det4	HV-keithley	120	1.69	21.0	5395.72	0.77	48.21	1.87	4.65	0.15	0.73593
09	Ra-226	det4	HV-keithley	120	1.69	21.0	5586.68	0.77	45.74	1.87	7.04	0.15	0.73593
09	Ra-226	det4	HV-keithley	120	1.69	21.0	6115.41	0.54	64.94	1.35	7.00	0.12	0.79497
09	Ra-226	det4	HV-keithley	120	1.69	21.0	7828.89	0.43	54.49	1.05	8.92	0.14	0.82871
10	Ra-226	det4	HV-keithley	140	2.13	21.0	4867.47	0.66	61.60	1.64	6.46	0.14	0.70917
10	Ra-226	det4	HV-keithley	140	2.13	21.0	5392.05	0.67	44.85	1.63	5.07	0.16	0.76199
10	Ra-226	det4	HV-keithley	140	2.13	21.0	5581.90	0.67	42.74	1.63	7.62	0.16	0.76199
10	Ra-226	det4	HV-keithley	140	2.13	21.0	6112.02	0.63	65.99	1.55	7.57	0.15	0.75105
10	Ra-226	det4	HV-keithley	140	2.13	21.0	7820.90	0.44	58.52	1.09	7.97	0.12	0.83421
11	Ra-226	det4	HV-keithley	160	3.09	21.0	4885.07	0.69	65.91	1.71	5.57	0.12	0.70653
11	Ra-226	det4	HV-keithley	160	3.09	21.0	5409.95	1.22	70.75	3.04	3.28	0.12	0.66418
11	Ra-226	det4	HV-keithley	160	3.09	21.0	5600.36	1.22	66.03	3.04	4.90	0.12	0.66418
11	Ra-226	det4	HV-keithley	160	3.09	21.0	6134.86	0.77	80.52	1.91	5.80	0.11	0.72515
11	Ra-226	det4	HV-keithley	160	3.09	21.0	7843.47	0.82	97.44	2.07	5.52	0.10	0.74857
12	Ra-226	det4	HV-keithley	200	18.6	21.0	4889.65	0.69	61.34	1.71	6.36	0.15	0.68948
12	Ra-226	det4	HV-keithley	200	18.6	21.0	5415.95	0.72	44.95	1.75	4.96	0.16	0.73911
12	Ra-226	det4	HV-keithley	200	18.6	21.0	5607.85	0.72	46.87	1.75	7.30	0.16	0.73911
12	Ra-226	det4	HV-keithley	200	18.6	21.0	6141.44	0.55	63.78	1.35	7.72	0.14	0.79004
12	Ra-226	det4	HV-keithley	200	18.6	21.0	7857.91	0.51	60.39	1.26	7.99	0.14	0.79871
