SpectrumNumber	Isotope	Detector	Conditions	Voltage (V)	Current (nA)	Temperature (deg)	Energy(keV)	ΔEnergy(keV)	FWHM(keV)	ΔFWHM(keV)	Amplitude	ΔAmplitude	Adj.R^2
01	Ra-226	det3	5us	40	1.57	22.0	4857.76	0.39	64.14	0.96	19.41	0.24	0.87763
01	Ra-226	det3	5us	40	1.57	22.0	5389.45	0.56	60.24	1.37	13.57	0.26	0.87803
01	Ra-226	det3	5us	40	1.57	22.0	5578.75	0.56	51.20	1.37	20.93	0.26	0.87803
01	Ra-226	det3	5us	40	1.57	22.0	6101.09	0.29	53.69	0.72	20.97	0.24	0.90667
01	Ra-226	det3	5us	40	1.57	22.0	7808.19	0.26	49.60	0.65	22.49	0.25	0.91330
02	Ra-226	det3	5us	50	2.11	22.0	4869.72	0.40	65.46	1.00	19.20	0.25	0.87229
02	Ra-226	det3	5us	50	2.11	22.0	5406.19	0.56	59.50	1.37	13.02	0.25	0.88667
02	Ra-226	det3	5us	50	2.11	22.0	5594.84	0.56	52.71	1.37	21.10	0.25	0.88667
02	Ra-226	det3	5us	50	2.11	22.0	6118.86	0.30	54.47	0.74	20.77	0.24	0.90381
02	Ra-226	det3	5us	50	2.11	22.0	7829.56	0.28	49.72	0.68	22.01	0.25	0.90395
03	Ra-226	det3	5us	60	2.53	22.0	4876.26	0.36	62.97	0.90	19.67	0.23	0.88948
03	Ra-226	det3	5us	60	2.53	22.0	5407.46	0.53	61.38	1.30	13.86	0.25	0.88908
03	Ra-226	det3	5us	60	2.53	22.0	5598.10	0.53	56.91	1.30	20.19	0.25	0.88908
03	Ra-226	det3	5us	60	2.53	22.0	6123.56	0.27	53.22	0.68	20.81	0.22	0.91557
03	Ra-226	det3	5us	60	2.53	22.0	7835.62	0.26	49.50	0.64	21.94	0.24	0.91358
04	Ra-226	det3	5us	70	3.45	22.0	4875.39	0.35	63.96	0.86	19.88	0.22	0.89945
04	Ra-226	det3	5us	70	3.45	22.0	5407.85	0.51	58.22	1.25	14.17	0.26	0.88690
04	Ra-226	det3	5us	70	3.45	22.0	5598.72	0.51	53.95	1.25	20.54	0.26	0.88690
04	Ra-226	det3	5us	70	3.45	22.0	6124.04	0.28	52.84	0.68	21.52	0.23	0.91371
04	Ra-226	det3	5us	70	3.45	22.0	7834.51	0.26	49.67	0.65	21.59	0.24	0.91278
05	Ra-226	det3	5us	80	4.46	22.0	4873.84	0.38	64.11	0.94	19.60	0.24	0.88298
05	Ra-226	det3	5us	80	4.46	22.0	5405.56	0.49	59.86	1.21	12.98	0.22	0.90445
05	Ra-226	det3	5us	80	4.46	22.0	5597.84	0.49	54.94	1.21	19.87	0.22	0.90445
05	Ra-226	det3	5us	80	4.46	22.0	6122.25	0.30	52.35	0.73	20.54	0.24	0.89922
05	Ra-226	det3	5us	80	4.46	22.0	7834.60	0.24	48.08	0.59	22.15	0.23	0.92247
06	Ra-226	det3	5us	90	4.62	22.0	4872.31	0.37	63.75	0.93	19.20	0.23	0.88435
06	Ra-226	det3	5us	90	4.62	22.0	5404.64	0.49	57.65	1.21	13.96	0.25	0.88928
06	Ra-226	det3	5us	90	4.62	22.0	5595.32	0.49	55.61	1.21	19.61	0.25	0.88928
06	Ra-226	det3	5us	90	4.62	22.0	6120.08	0.28	54.58	0.69	20.45	0.22	0.91622
06	Ra-226	det3	5us	90	4.62	22.0	7831.41	0.25	49.04	0.61	23.15	0.24	0.92103
07	Ra-226	det3	5us	100	4.80	22.0	4870.96	0.39	63.79	0.95	19.88	0.25	0.87922
07	Ra-226	det3	5us	100	4.80	22.0	5405.00	0.53	59.94	1.30	13.65	0.25	0.89051
07	Ra-226	det3	5us	100	4.80	22.0	5594.65	0.53	53.47	1.30	21.03	0.25	0.89051
07	Ra-226	det3	5us	100	4.80	22.0	6118.47	0.29	55.29	0.72	20.03	0.22	0.90979
07	Ra-226	det3	5us	100	4.80	22.0	7829.75	0.28	49.96	0.68	21.64	0.25	0.90586
08	Ra-226	det3	5us	110	4.98	22.0	4868.73	0.36	63.22	0.90	19.59	0.23	0.88933
08	Ra-226	det3	5us	110	4.98	22.0	5402.18	0.48	55.32	1.17	14.68	0.26	0.88569
08	Ra-226	det3	5us	110	4.98	22.0	5593.78	0.48	53.50	1.17	20.19	0.26	0.88569
08	Ra-226	det3	5us	110	4.98	22.0	6116.65	0.31	52.36	0.76	20.41	0.25	0.89295
08	Ra-226	det3	5us	110	4.98	22.0	7826.60	0.24	46.89	0.59	22.43	0.24	0.91838
09	Ra-226	det3	5us	120	5.14	22.0	4868.01	0.42	66.54	1.04	19.67	0.26	0.86709
09	Ra-226	det3	5us	120	5.14	22.0	5400.00	0.53	57.26	1.29	13.75	0.26	0.87896
09	Ra-226	det3	5us	120	5.14	22.0	5591.02	0.53	55.08	1.29	19.93	0.26	0.87896
09	Ra-226	det3	5us	120	5.14	22.0	6115.44	0.28	52.39	0.68	21.35	0.23	0.91216
09	Ra-226	det3	5us	120	5.14	22.0	7824.23	0.24	48.80	0.59	22.01	0.23	0.92359
10	Ra-226	det3	5us	140	5.42	22.0	4866.72	0.40	66.13	0.98	19.72	0.24	0.87976
10	Ra-226	det3	5us	140	5.42	22.0	5395.87	0.50	58.19	1.24	13.90	0.25	0.88562
10	Ra-226	det3	5us	140	5.42	22.0	5585.75	0.50	54.84	1.24	19.59	0.25	0.88562
10	Ra-226	det3	5us	140	5.42	22.0	6109.66	0.28	50.57	0.69	20.76	0.24	0.90626
10	Ra-226	det3	5us	140	5.42	22.0	7818.06	0.25	50.06	0.60	21.54	0.22	0.92477
11	Ra-226	det3	5us	160	5.66	22.0	4857.27	0.36	62.41	0.90	19.45	0.23	0.88719
11	Ra-226	det3	5us	160	5.66	22.0	5388.87	0.51	62.23	1.26	13.65	0.23	0.89909
11	Ra-226	det3	5us	160	5.66	22.0	5580.03	0.51	53.92	1.26	20.55	0.23	0.89909
11	Ra-226	det3	5us	160	5.66	22.0	6102.34	0.28	52.53	0.68	20.72	0.23	0.91200
11	Ra-226	det3	5us	160	5.66	22.0	7809.90	0.24	46.11	0.59	23.55	0.26	0.91571
12	Ra-226	det3	5us	200	6.13	22.0	4850.79	0.37	66.41	0.91	19.32	0.22	0.89488
12	Ra-226	det3	5us	200	6.13	22.0	5381.68	0.52	57.09	1.27	14.45	0.27	0.87285
12	Ra-226	det3	5us	200	6.13	22.0	5570.77	0.52	53.74	1.27	19.85	0.27	0.87285
12	Ra-226	det3	5us	200	6.13	22.0	6092.02	0.28	52.50	0.68	20.85	0.23	0.91326
12	Ra-226	det3	5us	200	6.13	22.0	7794.67	0.26	49.43	0.64	22.29	0.24	0.91365
13	Ra-226	det3	5us	250	6.63	22.0	4836.51	0.39	64.21	0.96	19.13	0.24	0.87834
13	Ra-226	det3	5us	250	6.63	22.0	5363.33	0.47	57.40	1.16	14.24	0.24	0.89794
13	Ra-226	det3	5us	250	6.63	22.0	5552.39	0.47	52.80	1.16	20.50	0.24	0.89794
13	Ra-226	det3	5us	250	6.63	22.0	6072.68	0.28	51.98	0.69	20.93	0.23	0.90842
13	Ra-226	det3	5us	250	6.63	22.0	7771.25	0.25	50.83	0.63	22.22	0.23	0.92127
14	Ra-226	det3	5us	300	7.13	22.0	4819.63	0.38	67.12	0.95	18.49	0.22	0.88724
14	Ra-226	det3	5us	300	7.13	22.0	5345.43	0.51	57.08	1.26	14.59	0.27	0.87708
14	Ra-226	det3	5us	300	7.13	22.0	5531.84	0.51	52.77	1.26	20.48	0.27	0.87708
14	Ra-226	det3	5us	300	7.13	22.0	6051.09	0.28	50.63	0.68	21.13	0.24	0.90713
14	Ra-226	det3	5us	300	7.13	22.0	7740.98	0.27	49.29	0.65	22.68	0.25	0.91009
15	Ra-226	det3	5us	350	7.77	22.0	4801.87	0.41	63.80	1.01	19.42	0.26	0.86584
15	Ra-226	det3	5us	350	7.77	22.0	5326.05	0.53	61.76	1.30	13.47	0.24	0.89067
15	Ra-226	det3	5us	350	7.77	22.0	5514.52	0.53	54.50	1.30	20.01	0.24	0.89067
15	Ra-226	det3	5us	350	7.77	22.0	6028.32	0.28	52.49	0.69	21.55	0.24	0.91172
15	Ra-226	det3	5us	350	7.77	22.0	7711.99	0.26	50.39	0.64	21.98	0.24	0.91610
16	Ra-226	det3	5us	400	8.58	22.0	4785.29	0.40	65.65	0.99	19.21	0.24	0.87531
16	Ra-226	det3	5us	400	8.58	22.0	5306.03	0.53	57.85	1.30	13.30	0.25	0.89075
16	Ra-226	det3	5us	400	8.58	22.0	5493.75	0.53	53.57	1.30	20.96	0.25	0.89075
16	Ra-226	det3	5us	400	8.58	22.0	6006.06	0.31	53.03	0.77	20.38	0.25	0.89338
16	Ra-226	det3	5us	400	8.58	22.0	7681.62	0.25	47.70	0.62	23.01	0.25	0.91390
