SpectrumNumber	Isotope	Detector	Conditions	Voltage (V)	Current (nA)	Temperature (deg)	Energy(keV)	ΔEnergy(keV)	FWHM(keV)	ΔFWHM(keV)	Amplitude	ΔAmplitude	Adj.R^2
00	Ra-226	det3	vacuum	80	2.86	21.2	4869.92	0.67	91.05	1.67	9.44	0.14	0.79472
00	Ra-226	det3	vacuum	80	2.86	21.2	5404.01	1.25	99.08	3.16	6.12	0.16	0.76212
00	Ra-226	det3	vacuum	80	2.86	21.2	5590.54	1.25	85.05	3.16	9.78	0.16	0.76212
00	Ra-226	det3	vacuum	80	2.86	21.2	6116.13	0.63	89.93	1.58	9.35	0.14	0.81234
00	Ra-226	det3	vacuum	80	2.86	21.2	7824.66	0.60	87.28	1.51	10.75	0.15	0.81509
00	Ra-226	det3	vacuum	80	2.86	21.2	4869.92	0.69	94.18	1.74	9.16	0.14	0.78812
00	Ra-226	det3	vacuum	80	2.86	21.2	5403.63	1.13	95.33	2.85	6.17	0.15	0.76346
00	Ra-226	det3	vacuum	80	2.86	21.2	5592.93	1.13	87.48	2.85	8.91	0.15	0.76346
00	Ra-226	det3	vacuum	80	2.86	21.2	6114.92	0.68	89.59	1.71	9.25	0.15	0.78474
00	Ra-226	det3	vacuum	80	2.86	21.2	7824.28	0.67	90.06	1.68	10.49	0.16	0.79888
00	Ra-226	det3	vacuum	80	2.86	21.2	4867.10	0.70	94.20	1.77	9.06	0.14	0.78302
00	Ra-226	det3	vacuum	80	2.86	21.2	5403.46	1.10	95.03	2.76	6.44	0.16	0.76637
00	Ra-226	det3	vacuum	80	2.86	21.2	5593.17	1.10	88.02	2.76	8.99	0.16	0.76637
00	Ra-226	det3	vacuum	80	2.86	21.2	6112.29	0.65	92.32	1.63	9.11	0.13	0.80814
00	Ra-226	det3	vacuum	80	2.86	21.2	7822.34	0.63	93.30	1.59	10.27	0.14	0.82648
00	Ra-226	det3	vacuum	80	2.86	21.2	4868.69	0.66	85.30	1.65	9.92	0.16	0.78055
00	Ra-226	det3	vacuum	80	2.86	21.2	5405.02	1.21	102.64	3.08	5.92	0.15	0.77279
00	Ra-226	det3	vacuum	80	2.86	21.2	5590.23	1.21	91.86	3.08	9.01	0.15	0.77279
00	Ra-226	det3	vacuum	80	2.86	21.2	6118.19	0.69	93.71	1.73	9.28	0.14	0.79401
00	Ra-226	det3	vacuum	80	2.86	21.2	7821.08	0.64	94.56	1.62	10.40	0.15	0.82328
00	Ra-226	det3	vacuum	80	2.86	21.2	4870.59	0.72	93.47	1.81	9.09	0.15	0.77189
00	Ra-226	det3	vacuum	80	2.86	21.2	5404.16	1.24	103.93	3.14	5.92	0.15	0.74588
00	Ra-226	det3	vacuum	80	2.86	21.2	5592.36	1.24	89.23	3.14	8.40	0.15	0.74588
00	Ra-226	det3	vacuum	80	2.86	21.2	6116.63	0.66	90.21	1.66	8.70	0.13	0.79868
00	Ra-226	det3	vacuum	80	2.86	21.2	7823.98	0.66	94.33	1.68	10.20	0.15	0.81397
00	Ra-226	det3	vacuum	80	2.86	21.2	4868.01	0.72	95.40	1.82	9.31	0.15	0.77618
00	Ra-226	det3	vacuum	80	2.86	21.2	5402.68	1.15	101.43	2.91	6.25	0.15	0.77200
00	Ra-226	det3	vacuum	80	2.86	21.2	5590.31	1.15	89.23	2.91	8.96	0.15	0.77200
00	Ra-226	det3	vacuum	80	2.86	21.2	6113.96	0.63	87.78	1.59	9.79	0.15	0.80614
00	Ra-226	det3	vacuum	80	2.86	21.2	7824.15	0.56	83.34	1.40	11.59	0.16	0.83637
00	Ra-226	det3	vacuum	80	2.86	21.2	4871.37	0.70	89.63	1.75	9.13	0.15	0.77284
00	Ra-226	det3	vacuum	80	2.86	21.2	5403.13	1.11	97.72	2.81	6.26	0.15	0.77192
00	Ra-226	det3	vacuum	80	2.86	21.2	5591.87	1.11	83.19	2.81	9.06	0.15	0.77192
00	Ra-226	det3	vacuum	80	2.86	21.2	6114.48	0.64	91.53	1.60	9.10	0.13	0.81352
00	Ra-226	det3	vacuum	80	2.86	21.2	7823.53	0.58	90.38	1.46	10.94	0.15	0.83427
00	Ra-226	det3	vacuum	80	2.86	21.2	4868.34	0.66	90.40	1.66	9.35	0.14	0.79482
00	Ra-226	det3	vacuum	80	2.86	21.2	5405.44	1.10	91.48	2.77	6.53	0.16	0.74682
00	Ra-226	det3	vacuum	80	2.86	21.2	5590.99	1.10	83.22	2.77	8.85	0.16	0.74682
00	Ra-226	det3	vacuum	80	2.86	21.2	6111.96	0.66	88.59	1.66	9.12	0.14	0.79375
00	Ra-226	det3	vacuum	80	2.86	21.2	7823.40	0.64	90.99	1.61	10.57	0.15	0.81275
00	Ra-226	det3	vacuum	80	2.86	21.2	4869.60	0.67	89.51	1.68	9.30	0.15	0.78753
00	Ra-226	det3	vacuum	80	2.86	21.2	5404.36	1.18	95.35	2.98	6.17	0.16	0.76969
00	Ra-226	det3	vacuum	80	2.86	21.2	5590.74	1.18	81.16	2.98	9.82	0.16	0.76969
00	Ra-226	det3	vacuum	80	2.86	21.2	6115.76	0.57	81.51	1.43	10.05	0.15	0.81869
00	Ra-226	det3	vacuum	80	2.86	21.2	7823.36	0.58	89.66	1.47	11.11	0.15	0.83784
00	Ra-226	det3	vacuum	80	2.86	21.2	4872.12	0.65	84.36	1.63	9.68	0.16	0.78244
00	Ra-226	det3	vacuum	80	2.86	21.2	5405.64	1.04	91.27	2.61	6.54	0.16	0.78162
00	Ra-226	det3	vacuum	80	2.86	21.2	5590.86	1.04	82.66	2.61	9.37	0.16	0.78162
00	Ra-226	det3	vacuum	80	2.86	21.2	6115.89	0.65	89.96	1.64	9.14	0.14	0.80088
00	Ra-226	det3	vacuum	80	2.86	21.2	7824.21	0.64	89.08	1.61	10.96	0.16	0.80427
00	Ra-226	det3	vacuum	80	2.86	21.2	4868.07	0.72	92.77	1.81	9.16	0.15	0.77056
00	Ra-226	det3	vacuum	80	2.86	21.2	5405.72	1.25	100.83	3.16	6.06	0.16	0.75478
00	Ra-226	det3	vacuum	80	2.86	21.2	5591.19	1.25	82.85	3.16	9.37	0.16	0.75478
00	Ra-226	det3	vacuum	80	2.86	21.2	6112.95	0.62	83.75	1.55	9.04	0.14	0.80143
00	Ra-226	det3	vacuum	80	2.86	21.2	7823.88	0.61	89.47	1.53	10.60	0.15	0.82233
00	Ra-226	det3	vacuum	80	2.86	21.2	4871.76	0.66	84.73	1.65	9.36	0.15	0.77895
00	Ra-226	det3	vacuum	80	2.86	21.2	5403.91	1.03	87.02	2.58	6.62	0.16	0.76029
00	Ra-226	det3	vacuum	80	2.86	21.2	5591.40	1.03	86.67	2.58	8.83	0.16	0.76029
00	Ra-226	det3	vacuum	80	2.86	21.2	6114.62	0.64	85.61	1.60	9.43	0.15	0.79813
00	Ra-226	det3	vacuum	80	2.86	21.2	7826.55	0.64	88.29	1.60	10.22	0.15	0.80037
00	Ra-226	det3	vacuum	80	2.86	21.2	4868.83	0.67	87.48	1.67	9.26	0.15	0.78502
00	Ra-226	det3	vacuum	80	2.86	21.2	5405.42	1.12	92.57	2.81	6.54	0.17	0.76192
00	Ra-226	det3	vacuum	80	2.86	21.2	5590.70	1.12	88.44	2.81	9.35	0.17	0.76192
00	Ra-226	det3	vacuum	80	2.86	21.2	6116.22	0.63	85.22	1.58	8.89	0.14	0.79876
00	Ra-226	det3	vacuum	80	2.86	21.2	7825.36	0.59	85.48	1.48	10.66	0.15	0.81687
00	Ra-226	det3	vacuum	80	2.86	21.2	4870.53	0.65	87.19	1.63	9.64	0.15	0.79217
00	Ra-226	det3	vacuum	80	2.86	21.2	5408.60	1.28	96.19	3.24	5.62	0.16	0.76291
00	Ra-226	det3	vacuum	80	2.86	21.2	5593.62	1.28	79.91	3.24	9.66	0.16	0.76291
00	Ra-226	det3	vacuum	80	2.86	21.2	6114.78	0.56	80.97	1.40	9.82	0.14	0.82452
00	Ra-226	det3	vacuum	80	2.86	21.2	7824.92	0.60	85.27	1.50	10.83	0.16	0.81219
00	Ra-226	det3	vacuum	80	2.86	21.2	4870.76	0.64	89.86	1.60	9.77	0.14	0.80636
00	Ra-226	det3	vacuum	80	2.86	21.2	5405.46	1.10	91.95	2.78	6.34	0.16	0.75649
00	Ra-226	det3	vacuum	80	2.86	21.2	5591.69	1.10	84.76	2.78	8.90	0.16	0.75649
00	Ra-226	det3	vacuum	80	2.86	21.2	6113.45	0.63	89.41	1.59	9.25	0.14	0.81069
00	Ra-226	det3	vacuum	80	2.86	21.2	7822.29	0.64	92.25	1.60	10.38	0.15	0.81110
00	Ra-226	det3	vacuum	80	2.86	21.2	4867.26	0.65	92.73	1.63	9.50	0.14	0.80594
00	Ra-226	det3	vacuum	80	2.86	21.2	5406.30	1.14	99.37	2.88	6.46	0.16	0.76628
00	Ra-226	det3	vacuum	80	2.86	21.2	5593.88	1.14	89.58	2.88	9.10	0.16	0.76628
00	Ra-226	det3	vacuum	80	2.86	21.2	6115.15	0.59	83.53	1.47	9.85	0.14	0.81744
00	Ra-226	det3	vacuum	80	2.86	21.2	7822.28	0.58	88.71	1.45	10.95	0.15	0.83213
00	Ra-226	det3	vacuum	80	2.86	21.2	4868.59	0.75	93.70	1.87	9.02	0.15	0.76117
00	Ra-226	det3	vacuum	80	2.86	21.2	5402.20	1.17	98.06	2.97	6.15	0.16	0.76137
00	Ra-226	det3	vacuum	80	2.86	21.2	5592.98	1.17	89.15	2.97	9.05	0.16	0.76137
00	Ra-226	det3	vacuum	80	2.86	21.2	6114.07	0.69	90.44	1.74	9.33	0.15	0.78387
00	Ra-226	det3	vacuum	80	2.86	21.2	7822.14	0.72	101.26	1.80	10.03	0.15	0.79459
00	Ra-226	det3	vacuum	80	2.86	21.2	4871.47	0.66	86.00	1.64	9.67	0.15	0.78604
00	Ra-226	det3	vacuum	80	2.86	21.2	5404.69	1.16	97.61	2.94	6.22	0.16	0.76036
00	Ra-226	det3	vacuum	80	2.86	21.2	5589.51	1.16	83.86	2.94	9.12	0.16	0.76036
00	Ra-226	det3	vacuum	80	2.86	21.2	6115.39	0.62	90.00	1.57	9.42	0.14	0.81604
00	Ra-226	det3	vacuum	80	2.86	21.2	7823.56	0.62	91.15	1.56	10.27	0.15	0.81571
00	Ra-226	det3	vacuum	80	2.86	21.2	4870.32	0.65	89.57	1.63	9.46	0.14	0.79917
00	Ra-226	det3	vacuum	80	2.86	21.2	5404.54	1.13	96.99	2.84	6.31	0.15	0.77450
00	Ra-226	det3	vacuum	80	2.86	21.2	5591.15	1.13	85.89	2.84	9.33	0.15	0.77450
00	Ra-226	det3	vacuum	80	2.86	21.2	6114.88	0.54	83.09	1.34	10.23	0.14	0.84168
00	Ra-226	det3	vacuum	80	2.86	21.2	7826.47	0.63	89.61	1.59	10.85	0.16	0.80717
00	Ra-226	det3	vacuum	80	2.86	21.2	4869.40	0.64	93.46	1.60	9.38	0.13	0.81313
00	Ra-226	det3	vacuum	80	2.86	21.2	5404.93	1.12	98.30	2.84	6.54	0.16	0.76248
00	Ra-226	det3	vacuum	80	2.86	21.2	5592.00	1.12	85.82	2.84	9.10	0.16	0.76248
00	Ra-226	det3	vacuum	80	2.86	21.2	6114.35	0.60	88.51	1.51	9.82	0.14	0.82198
00	Ra-226	det3	vacuum	80	2.86	21.2	7823.93	0.60	89.49	1.50	11.44	0.16	0.83089
00	Ra-226	det3	vacuum	80	2.86	21.2	4870.06	0.69	91.23	1.74	9.04	0.14	0.78148
00	Ra-226	det3	vacuum	80	2.86	21.2	5404.53	1.22	100.57	3.08	6.27	0.16	0.74154
00	Ra-226	det3	vacuum	80	2.86	21.2	5591.11	1.22	86.02	3.08	8.84	0.16	0.74154
00	Ra-226	det3	vacuum	80	2.86	21.2	6113.64	0.61	85.61	1.51	9.87	0.15	0.81336
00	Ra-226	det3	vacuum	80	2.86	21.2	7823.52	0.63	85.10	1.59	11.11	0.17	0.81214
00	Ra-226	det3	vacuum	80	2.86	21.2	4870.34	0.70	93.44	1.75	8.90	0.14	0.78566
00	Ra-226	det3	vacuum	80	2.86	21.2	5403.83	1.14	93.52	2.88	6.84	0.18	0.73860
00	Ra-226	det3	vacuum	80	2.86	21.2	5591.76	1.14	88.71	2.88	9.20	0.18	0.73860
00	Ra-226	det3	vacuum	80	2.86	21.2	6113.67	0.60	90.43	1.51	9.51	0.13	0.82617
00	Ra-226	det3	vacuum	80	2.86	21.2	7821.38	0.64	91.15	1.61	10.89	0.16	0.81668
00	Ra-226	det3	vacuum	80	2.86	21.2	4870.54	0.63	87.04	1.58	9.76	0.15	0.80153
00	Ra-226	det3	vacuum	80	2.86	21.2	5405.00	1.19	101.14	3.02	6.06	0.15	0.75525
00	Ra-226	det3	vacuum	80	2.86	21.2	5591.69	1.19	87.85	3.02	8.67	0.15	0.75525
00	Ra-226	det3	vacuum	80	2.86	21.2	6115.42	0.65	89.79	1.63	9.00	0.14	0.80295
00	Ra-226	det3	vacuum	80	2.86	21.2	7820.09	0.66	94.02	1.67	10.40	0.15	0.80929
00	Ra-226	det3	vacuum	80	2.86	21.2	4870.32	0.74	95.61	1.86	9.09	0.15	0.76957
00	Ra-226	det3	vacuum	80	2.86	21.2	5403.40	1.06	94.47	2.66	6.66	0.16	0.77378
00	Ra-226	det3	vacuum	80	2.86	21.2	5590.89	1.06	86.95	2.66	9.12	0.16	0.77378
00	Ra-226	det3	vacuum	80	2.86	21.2	6116.30	0.68	92.53	1.71	8.73	0.13	0.79441
00	Ra-226	det3	vacuum	80	2.86	21.2	7823.05	0.68	90.33	1.72	10.03	0.16	0.80149
00	Ra-226	det3	vacuum	80	2.86	21.2	4870.39	0.69	85.96	1.73	9.33	0.16	0.76744
00	Ra-226	det3	vacuum	80	2.86	21.2	5403.67	1.01	92.42	2.55	6.74	0.15	0.78302
00	Ra-226	det3	vacuum	80	2.86	21.2	5592.09	1.01	86.45	2.55	9.20	0.15	0.78302
00	Ra-226	det3	vacuum	80	2.86	21.2	6112.61	0.57	88.21	1.43	9.84	0.13	0.83669
00	Ra-226	det3	vacuum	80	2.86	21.2	7823.74	0.63	91.97	1.57	10.39	0.15	0.81822
00	Ra-226	det3	vacuum	80	2.86	21.2	4869.86	0.70	90.12	1.75	9.55	0.15	0.77663
00	Ra-226	det3	vacuum	80	2.86	21.2	5404.65	1.20	98.69	3.03	6.36	0.16	0.74839
00	Ra-226	det3	vacuum	80	2.86	21.2	5591.21	1.20	92.34	3.03	8.98	0.16	0.74839
00	Ra-226	det3	vacuum	80	2.86	21.2	6114.26	0.57	86.24	1.42	9.68	0.13	0.83438
00	Ra-226	det3	vacuum	80	2.86	21.2	7823.39	0.65	95.95	1.65	10.57	0.15	0.81898
00	Ra-226	det3	vacuum	80	2.86	21.2	4870.61	0.67	91.70	1.69	9.13	0.14	0.79090
00	Ra-226	det3	vacuum	80	2.86	21.2	5403.61	1.09	98.17	2.76	6.56	0.15	0.77882
00	Ra-226	det3	vacuum	80	2.86	21.2	5591.31	1.09	85.34	2.76	9.43	0.15	0.77882
00	Ra-226	det3	vacuum	80	2.86	21.2	6115.94	0.68	93.90	1.71	8.66	0.13	0.79652
00	Ra-226	det3	vacuum	80	2.86	21.2	7825.15	0.60	84.72	1.50	11.20	0.16	0.82365
00	Ra-226	det3	vacuum	80	2.86	21.2	4869.49	0.73	93.89	1.83	8.49	0.14	0.77078
00	Ra-226	det3	vacuum	80	2.86	21.2	5404.74	1.09	92.77	2.73	6.57	0.16	0.76016
00	Ra-226	det3	vacuum	80	2.86	21.2	5589.55	1.09	87.95	2.73	8.94	0.16	0.76016
00	Ra-226	det3	vacuum	80	2.86	21.2	6114.96	0.64	91.40	1.61	8.97	0.13	0.80925
00	Ra-226	det3	vacuum	80	2.86	21.2	7823.08	0.61	93.41	1.55	10.53	0.14	0.83431
00	Ra-226	det3	vacuum	80	2.86	21.2	4868.99	0.75	97.28	1.88	8.97	0.14	0.76937
00	Ra-226	det3	vacuum	80	2.86	21.2	5406.40	1.18	95.42	2.99	6.21	0.16	0.74194
00	Ra-226	det3	vacuum	80	2.86	21.2	5592.34	1.18	89.57	2.99	8.69	0.16	0.74194
00	Ra-226	det3	vacuum	80	2.86	21.2	6115.23	0.65	95.26	1.62	9.11	0.13	0.81681
00	Ra-226	det3	vacuum	80	2.86	21.2	7824.50	0.70	94.07	1.77	10.21	0.16	0.80596
00	Ra-226	det3	vacuum	80	2.86	21.2	4869.41	0.73	95.83	1.84	8.87	0.14	0.77480
00	Ra-226	det3	vacuum	80	2.86	21.2	5402.91	1.29	105.01	3.29	5.83	0.15	0.74562
00	Ra-226	det3	vacuum	80	2.86	21.2	5590.54	1.29	92.95	3.29	8.60	0.15	0.74562
00	Ra-226	det3	vacuum	80	2.86	21.2	6115.18	0.60	89.45	1.50	9.58	0.13	0.82431
00	Ra-226	det3	vacuum	80	2.86	21.2	7822.53	0.63	95.40	1.57	10.52	0.14	0.82362
00	Ra-226	det3	vacuum	80	2.86	21.2	4869.45	0.69	87.81	1.72	9.01	0.15	0.77434
00	Ra-226	det3	vacuum	80	2.86	21.2	5405.47	1.09	97.03	2.74	6.30	0.15	0.75976
00	Ra-226	det3	vacuum	80	2.86	21.2	5593.12	1.09	88.32	2.74	8.29	0.15	0.75976
00	Ra-226	det3	vacuum	80	2.86	21.2	6112.54	0.64	91.53	1.60	8.97	0.13	0.81370
00	Ra-226	det3	vacuum	80	2.86	21.2	7823.66	0.68	95.93	1.70	10.35	0.15	0.80055
00	Ra-226	det3	vacuum	80	2.86	21.2	4871.92	0.70	92.78	1.76	9.10	0.14	0.77997
00	Ra-226	det3	vacuum	80	2.86	21.2	5404.77	1.13	97.31	2.85	6.24	0.15	0.76130
00	Ra-226	det3	vacuum	80	2.86	21.2	5591.48	1.13	89.63	2.85	8.69	0.15	0.76130
00	Ra-226	det3	vacuum	80	2.86	21.2	6116.53	0.67	93.03	1.68	9.06	0.14	0.80215
00	Ra-226	det3	vacuum	80	2.86	21.2	7822.54	0.73	96.48	1.84	10.41	0.16	0.78995
00	Ra-226	det3	vacuum	80	2.86	21.2	4868.30	0.76	96.81	1.91	8.58	0.14	0.76071
00	Ra-226	det3	vacuum	80	2.86	21.2	5405.62	1.21	101.13	3.07	6.23	0.16	0.74772
00	Ra-226	det3	vacuum	80	2.86	21.2	5591.68	1.21	86.59	3.07	8.90	0.16	0.74772
00	Ra-226	det3	vacuum	80	2.86	21.2	6114.61	0.73	94.61	1.83	8.44	0.13	0.77716
00	Ra-226	det3	vacuum	80	2.86	21.2	7824.68	0.70	94.28	1.76	10.01	0.15	0.79332
00	Ra-226	det3	vacuum	80	2.86	21.2	4870.35	0.73	95.33	1.83	9.12	0.15	0.77358
00	Ra-226	det3	vacuum	80	2.86	21.2	5401.25	1.23	104.24	3.11	5.93	0.15	0.76219
00	Ra-226	det3	vacuum	80	2.86	21.2	5590.41	1.23	88.89	3.11	8.85	0.15	0.76219
00	Ra-226	det3	vacuum	80	2.86	21.2	6115.23	0.60	87.15	1.51	9.61	0.14	0.81924
00	Ra-226	det3	vacuum	80	2.86	21.2	7822.12	0.62	92.62	1.57	10.95	0.15	0.82896
00	Ra-226	det3	vacuum	80	2.86	21.2	4869.87	0.67	89.50	1.68	9.78	0.15	0.78813
00	Ra-226	det3	vacuum	80	2.86	21.2	5405.57	1.15	94.02	2.91	6.33	0.16	0.74733
00	Ra-226	det3	vacuum	80	2.86	21.2	5593.30	1.15	86.11	2.91	8.94	0.16	0.74733
00	Ra-226	det3	vacuum	80	2.86	21.2	6116.31	0.64	88.75	1.60	9.18	0.14	0.80589
00	Ra-226	det3	vacuum	80	2.86	21.2	7824.72	0.67	93.04	1.69	10.41	0.16	0.80809
00	Ra-226	det3	vacuum	80	2.86	21.2	4869.27	0.70	89.99	1.75	8.97	0.14	0.77525
00	Ra-226	det3	vacuum	80	2.86	21.2	5404.90	1.10	98.40	2.79	6.42	0.15	0.76160
00	Ra-226	det3	vacuum	80	2.86	21.2	5587.89	1.10	88.08	2.79	8.54	0.15	0.76160
00	Ra-226	det3	vacuum	80	2.86	21.2	6116.52	0.69	93.26	1.74	8.74	0.13	0.79115
00	Ra-226	det3	vacuum	80	2.86	21.2	7821.83	0.70	96.47	1.77	9.64	0.15	0.80902
00	Ra-226	det3	vacuum	80	2.86	21.2	4869.66	0.69	90.54	1.72	9.67	0.15	0.78336
00	Ra-226	det3	vacuum	80	2.86	21.2	5405.40	1.40	109.91	3.58	5.58	0.15	0.72063
00	Ra-226	det3	vacuum	80	2.86	21.2	5591.30	1.40	85.12	3.58	8.34	0.15	0.72063
00	Ra-226	det3	vacuum	80	2.86	21.2	6115.25	0.58	85.94	1.45	9.68	0.14	0.82739
00	Ra-226	det3	vacuum	80	2.86	21.2	7821.08	0.72	97.83	1.80	10.24	0.16	0.79180
00	Ra-226	det3	vacuum	80	2.86	21.2	4869.46	0.69	90.82	1.72	9.86	0.15	0.78425
00	Ra-226	det3	vacuum	80	2.86	21.2	5405.14	1.37	110.42	3.51	5.70	0.15	0.73209
00	Ra-226	det3	vacuum	80	2.86	21.2	5591.23	1.37	85.60	3.51	8.57	0.15	0.73209
00	Ra-226	det3	vacuum	80	2.86	21.2	6115.31	0.58	86.30	1.44	9.89	0.14	0.83059
00	Ra-226	det3	vacuum	80	2.86	21.2	7820.99	0.71	97.82	1.79	10.53	0.16	0.79396
00	Ra-226	det3	vacuum	80	2.86	21.2	4871.12	0.73	93.86	1.82	8.63	0.14	0.77056
00	Ra-226	det3	vacuum	80	2.86	21.2	5401.64	1.10	95.99	2.78	6.32	0.15	0.73784
00	Ra-226	det3	vacuum	80	2.86	21.2	5588.35	1.10	89.52	2.78	7.82	0.15	0.73784
00	Ra-226	det3	vacuum	80	2.86	21.2	6112.63	0.72	94.27	1.81	8.39	0.13	0.77909
00	Ra-226	det3	vacuum	80	2.86	21.2	7822.06	0.71	94.47	1.80	10.14	0.16	0.80359
00	Ra-226	det3	vacuum	80	2.86	21.2	4867.86	0.72	90.99	1.80	9.53	0.16	0.76656
00	Ra-226	det3	vacuum	80	2.86	21.2	5405.57	1.14	97.14	2.89	6.46	0.16	0.75300
00	Ra-226	det3	vacuum	80	2.86	21.2	5588.00	1.14	88.31	2.89	8.85	0.16	0.75300
00	Ra-226	det3	vacuum	80	2.86	21.2	6114.45	0.69	94.19	1.73	8.59	0.13	0.79396
00	Ra-226	det3	vacuum	80	2.86	21.2	7822.55	0.66	92.46	1.66	10.39	0.15	0.80726
00	Ra-226	det3	vacuum	80	2.86	21.2	4869.55	0.73	95.57	1.84	9.23	0.15	0.77261
00	Ra-226	det3	vacuum	80	2.86	21.2	5405.20	1.17	100.55	2.95	6.34	0.16	0.77306
00	Ra-226	det3	vacuum	80	2.86	21.2	5592.51	1.17	89.24	2.95	9.45	0.16	0.77306
00	Ra-226	det3	vacuum	80	2.86	21.2	6115.69	0.65	92.25	1.64	9.30	0.14	0.80637
00	Ra-226	det3	vacuum	80	2.86	21.2	7821.06	0.61	94.24	1.53	10.49	0.14	0.82780
00	Ra-226	det3	vacuum	80	2.86	21.2	4868.10	0.71	95.81	1.79	9.08	0.14	0.78297
00	Ra-226	det3	vacuum	80	2.86	21.2	5403.37	1.11	96.33	2.81	6.32	0.15	0.76509
00	Ra-226	det3	vacuum	80	2.86	21.2	5591.42	1.11	91.40	2.81	8.79	0.15	0.76509
00	Ra-226	det3	vacuum	80	2.86	21.2	6113.60	0.62	94.21	1.56	9.20	0.13	0.82713
00	Ra-226	det3	vacuum	80	2.86	21.2	7823.67	0.67	91.96	1.67	10.30	0.16	0.80226
00	Ra-226	det3	vacuum	80	2.86	21.2	4869.70	0.72	94.54	1.81	9.03	0.14	0.77482
00	Ra-226	det3	vacuum	80	2.86	21.2	5404.05	1.13	97.65	2.84	6.42	0.16	0.75653
00	Ra-226	det3	vacuum	80	2.86	21.2	5592.01	1.13	86.87	2.84	8.77	0.16	0.75653
00	Ra-226	det3	vacuum	80	2.86	21.2	6114.30	0.66	91.94	1.66	8.82	0.13	0.80262
00	Ra-226	det3	vacuum	80	2.86	21.2	7824.44	0.69	96.06	1.75	10.37	0.16	0.80445
00	Ra-226	det3	vacuum	80	2.86	21.2	4868.82	0.72	93.93	1.81	9.12	0.15	0.77327
00	Ra-226	det3	vacuum	80	2.86	21.2	5405.25	1.26	103.54	3.19	6.08	0.16	0.73811
00	Ra-226	det3	vacuum	80	2.86	21.2	5590.14	1.26	92.39	3.19	8.43	0.16	0.73811
00	Ra-226	det3	vacuum	80	2.86	21.2	6116.15	0.66	92.85	1.65	9.19	0.14	0.80489
00	Ra-226	det3	vacuum	80	2.86	21.2	7820.50	0.67	98.92	1.68	10.16	0.14	0.82200
00	Ra-226	det3	vacuum	80	2.86	21.2	4870.78	0.69	91.73	1.73	9.29	0.15	0.78320
00	Ra-226	det3	vacuum	80	2.86	21.2	5402.77	1.08	95.35	2.72	6.50	0.15	0.76488
00	Ra-226	det3	vacuum	80	2.86	21.2	5590.53	1.08	87.22	2.72	8.77	0.15	0.76488
00	Ra-226	det3	vacuum	80	2.86	21.2	6115.26	0.67	96.21	1.69	9.14	0.13	0.80608
00	Ra-226	det3	vacuum	80	2.86	21.2	7823.40	0.65	94.43	1.64	10.60	0.15	0.81916
00	Ra-226	det3	vacuum	80	2.86	21.2	4871.42	0.65	92.58	1.63	9.27	0.14	0.80444
00	Ra-226	det3	vacuum	80	2.86	21.2	5406.90	1.15	96.22	2.91	6.48	0.16	0.75528
00	Ra-226	det3	vacuum	80	2.86	21.2	5590.56	1.15	89.37	2.91	9.12	0.16	0.75528
00	Ra-226	det3	vacuum	80	2.86	21.2	6114.69	0.69	88.71	1.73	8.90	0.14	0.78073
00	Ra-226	det3	vacuum	80	2.86	21.2	7822.27	0.67	94.85	1.69	10.41	0.15	0.80839
00	Ra-226	det3	vacuum	80	2.86	21.2	4869.44	0.71	92.18	1.78	9.20	0.15	0.77548
00	Ra-226	det3	vacuum	80	2.86	21.2	5405.70	1.26	104.65	3.20	5.91	0.15	0.73974
00	Ra-226	det3	vacuum	80	2.86	21.2	5592.05	1.26	91.47	3.20	8.26	0.15	0.73974
00	Ra-226	det3	vacuum	80	2.86	21.2	6115.45	0.64	92.27	1.61	8.64	0.12	0.81296
00	Ra-226	det3	vacuum	80	2.86	21.2	7823.51	0.62	91.57	1.54	10.65	0.15	0.82046
00	Ra-226	det3	vacuum	80	2.86	21.2	4869.52	0.71	94.60	1.77	9.51	0.15	0.78414
00	Ra-226	det3	vacuum	80	2.86	21.2	5403.71	0.99	88.19	2.49	6.81	0.16	0.77976
00	Ra-226	det3	vacuum	80	2.86	21.2	5592.21	0.99	83.02	2.49	9.35	0.16	0.77976
00	Ra-226	det3	vacuum	80	2.86	21.2	6115.39	0.71	93.57	1.78	8.79	0.14	0.78298
00	Ra-226	det3	vacuum	80	2.86	21.2	7824.80	0.67	95.08	1.70	10.25	0.15	0.80260
00	Ra-226	det3	vacuum	80	2.86	21.2	4868.37	0.75	97.38	1.88	8.52	0.14	0.76968
00	Ra-226	det3	vacuum	80	2.86	21.2	5404.19	1.09	99.23	2.75	6.30	0.15	0.77677
00	Ra-226	det3	vacuum	80	2.86	21.2	5590.92	1.09	91.22	2.75	8.64	0.15	0.77677
00	Ra-226	det3	vacuum	80	2.86	21.2	6113.21	0.65	95.57	1.64	8.92	0.13	0.81462
00	Ra-226	det3	vacuum	80	2.86	21.2	7822.14	0.69	96.36	1.75	9.66	0.15	0.80084
00	Ra-226	det3	vacuum	80	2.86	21.2	4869.00	0.77	96.65	1.94	8.44	0.14	0.75567
00	Ra-226	det3	vacuum	80	2.86	21.2	5403.44	1.20	102.26	3.04	5.85	0.14	0.76697
00	Ra-226	det3	vacuum	80	2.86	21.2	5587.15	1.20	90.89	3.04	8.58	0.14	0.76697
00	Ra-226	det3	vacuum	80	2.86	21.2	6112.52	0.65	94.81	1.63	8.53	0.12	0.81585
00	Ra-226	det3	vacuum	80	2.86	21.2	7822.38	0.69	98.77	1.74	10.13	0.15	0.81342
00	Ra-226	det3	vacuum	80	2.86	21.2	4867.01	0.67	87.90	1.69	9.62	0.15	0.78148
00	Ra-226	det3	vacuum	80	2.86	21.2	5407.32	1.28	101.11	3.25	5.91	0.16	0.74752
00	Ra-226	det3	vacuum	80	2.86	21.2	5592.26	1.28	84.61	3.25	9.15	0.16	0.74752
00	Ra-226	det3	vacuum	80	2.86	21.2	6113.48	0.63	93.40	1.57	9.11	0.13	0.82274
00	Ra-226	det3	vacuum	80	2.86	21.2	7821.23	0.64	94.90	1.62	10.21	0.14	0.82443
00	Ra-226	det3	vacuum	80	2.86	21.2	4869.83	0.69	90.80	1.73	9.39	0.15	0.78268
00	Ra-226	det3	vacuum	80	2.86	21.2	5407.38	1.14	99.88	2.89	6.31	0.15	0.76285
00	Ra-226	det3	vacuum	80	2.86	21.2	5590.80	1.14	87.64	2.89	8.75	0.15	0.76285
00	Ra-226	det3	vacuum	80	2.86	21.2	6113.27	0.61	89.37	1.52	9.27	0.13	0.82320
00	Ra-226	det3	vacuum	80	2.86	21.2	7822.80	0.59	90.94	1.50	10.48	0.14	0.83797
00	Ra-226	det3	vacuum	80	2.86	21.2	4870.72	0.71	95.16	1.78	9.05	0.14	0.78156
00	Ra-226	det3	vacuum	80	2.86	21.2	5402.28	1.15	94.54	2.88	6.45	0.16	0.73453
00	Ra-226	det3	vacuum	80	2.86	21.2	5589.89	1.15	91.02	2.88	8.43	0.16	0.73453
00	Ra-226	det3	vacuum	80	2.86	21.2	6114.16	0.72	96.08	1.80	8.68	0.13	0.78582
00	Ra-226	det3	vacuum	80	2.86	21.2	7821.04	0.63	93.17	1.58	10.20	0.14	0.82139
00	Ra-226	det3	vacuum	80	2.86	21.2	4867.75	0.73	91.99	1.83	8.75	0.14	0.76454
00	Ra-226	det3	vacuum	80	2.86	21.2	5403.11	1.21	99.99	3.06	6.19	0.16	0.74757
00	Ra-226	det3	vacuum	80	2.86	21.2	5590.20	1.21	88.21	3.06	8.82	0.16	0.74757
00	Ra-226	det3	vacuum	80	2.86	21.2	6111.84	0.62	92.24	1.55	9.23	0.13	0.82249
00	Ra-226	det3	vacuum	80	2.86	21.2	7821.47	0.67	95.89	1.69	10.08	0.15	0.80882
00	Ra-226	det3	vacuum	80	2.86	21.2	4869.98	0.69	89.69	1.73	9.51	0.15	0.77925
00	Ra-226	det3	vacuum	80	2.86	21.2	5400.26	1.03	89.07	2.59	6.58	0.16	0.77547
00	Ra-226	det3	vacuum	80	2.86	21.2	5591.79	1.03	85.76	2.59	9.27	0.16	0.77547
00	Ra-226	det3	vacuum	80	2.86	21.2	6114.65	0.61	82.67	1.53	9.34	0.14	0.80195
00	Ra-226	det3	vacuum	80	2.86	21.2	7825.07	0.65	92.66	1.62	10.78	0.16	0.80807
00	Ra-226	det3	vacuum	80	2.86	21.2	4871.46	0.68	90.38	1.71	9.36	0.15	0.78313
00	Ra-226	det3	vacuum	80	2.86	21.2	5404.22	1.16	96.34	2.92	6.38	0.16	0.74787
00	Ra-226	det3	vacuum	80	2.86	21.2	5590.08	1.16	87.86	2.92	8.81	0.16	0.74787
00	Ra-226	det3	vacuum	80	2.86	21.2	6114.19	0.67	91.11	1.68	9.20	0.14	0.79603
00	Ra-226	det3	vacuum	80	2.86	21.2	7822.36	0.64	93.43	1.60	11.01	0.16	0.81636
00	Ra-226	det3	vacuum	80	2.86	21.2	4870.70	0.70	91.85	1.75	8.95	0.14	0.77977
00	Ra-226	det3	vacuum	80	2.86	21.2	5403.77	1.18	99.42	2.98	5.99	0.15	0.75095
00	Ra-226	det3	vacuum	80	2.86	21.2	5594.79	1.18	88.18	2.98	8.47	0.15	0.75095
00	Ra-226	det3	vacuum	80	2.86	21.2	6117.09	0.63	89.42	1.59	9.12	0.13	0.80895
00	Ra-226	det3	vacuum	80	2.86	21.2	7821.92	0.63	99.81	1.59	10.14	0.13	0.83138
00	Ra-226	det3	vacuum	80	2.86	21.2	4866.27	0.71	89.69	1.78	9.20	0.15	0.76672
00	Ra-226	det3	vacuum	80	2.86	21.2	5404.23	1.22	98.28	3.09	5.99	0.16	0.76941
00	Ra-226	det3	vacuum	80	2.86	21.2	5591.32	1.22	83.93	3.09	9.65	0.16	0.76941
00	Ra-226	det3	vacuum	80	2.86	21.2	6114.23	0.61	86.11	1.53	9.41	0.14	0.81106
00	Ra-226	det3	vacuum	80	2.86	21.2	7824.19	0.62	88.78	1.55	10.88	0.16	0.81119
00	Ra-226	det3	vacuum	80	2.86	21.2	4870.36	0.72	91.30	1.79	9.21	0.15	0.76920
00	Ra-226	det3	vacuum	80	2.86	21.2	5401.19	1.10	93.52	2.76	6.66	0.16	0.75498
00	Ra-226	det3	vacuum	80	2.86	21.2	5589.32	1.10	90.80	2.76	8.90	0.16	0.75498
00	Ra-226	det3	vacuum	80	2.86	21.2	6114.08	0.63	92.00	1.57	9.19	0.13	0.81884
00	Ra-226	det3	vacuum	80	2.86	21.2	7823.60	0.66	93.93	1.66	10.30	0.15	0.81205
00	Ra-226	det3	vacuum	80	2.86	21.2	4870.12	0.70	89.83	1.75	9.41	0.15	0.77322
00	Ra-226	det3	vacuum	80	2.86	21.2	5403.40	1.14	94.13	2.88	6.38	0.16	0.73980
00	Ra-226	det3	vacuum	80	2.86	21.2	5591.96	1.14	90.05	2.88	8.54	0.16	0.73980
00	Ra-226	det3	vacuum	80	2.86	21.2	6112.50	0.62	87.71	1.55	9.11	0.13	0.81198
00	Ra-226	det3	vacuum	80	2.86	21.2	7824.17	0.66	90.72	1.67	10.52	0.16	0.79906
00	Ra-226	det3	vacuum	80	2.86	21.2	4867.89	0.71	96.05	1.78	8.92	0.14	0.78587
00	Ra-226	det3	vacuum	80	2.86	21.2	5403.30	1.03	93.79	2.60	6.98	0.16	0.75825
00	Ra-226	det3	vacuum	80	2.86	21.2	5588.39	1.03	91.82	2.60	8.57	0.16	0.75825
00	Ra-226	det3	vacuum	80	2.86	21.2	6116.10	0.67	91.20	1.69	8.86	0.14	0.79405
00	Ra-226	det3	vacuum	80	2.86	21.2	7823.34	0.67	93.59	1.68	10.59	0.16	0.80940
00	Ra-226	det3	vacuum	80	2.86	21.2	4867.10	0.76	96.02	1.90	8.81	0.14	0.76122
00	Ra-226	det3	vacuum	80	2.86	21.2	5404.65	1.17	102.15	2.96	6.09	0.15	0.75745
00	Ra-226	det3	vacuum	80	2.86	21.2	5590.86	1.17	88.49	2.96	8.42	0.15	0.75745
00	Ra-226	det3	vacuum	80	2.86	21.2	6116.04	0.66	92.59	1.67	8.88	0.13	0.80260
00	Ra-226	det3	vacuum	80	2.86	21.2	7824.16	0.69	97.83	1.74	10.48	0.15	0.80947
00	Ra-226	det3	vacuum	80	2.86	21.2	4870.84	0.96	94.37	2.40	4.72	0.10	0.66242
00	Ra-226	det3	vacuum	80	2.86	21.2	5403.28	1.63	101.34	4.13	3.31	0.11	0.60670
00	Ra-226	det3	vacuum	80	2.86	21.2	5589.18	1.63	84.69	4.13	4.55	0.11	0.60670
00	Ra-226	det3	vacuum	80	2.86	21.2	6111.89	0.89	88.99	2.22	4.41	0.09	0.68418
00	Ra-226	det3	vacuum	80	2.86	21.2	7822.00	0.89	91.91	2.25	5.51	0.11	0.70600
00	Ra-226	det3	vacuum	80	2.86	21.2	4870.84	0.96	94.37	2.40	4.72	0.10	0.66242
00	Ra-226	det3	vacuum	80	2.86	21.2	5403.28	1.63	101.34	4.13	3.31	0.11	0.60670
00	Ra-226	det3	vacuum	80	2.86	21.2	5589.18	1.63	84.69	4.13	4.55	0.11	0.60670
00	Ra-226	det3	vacuum	80	2.86	21.2	6111.89	0.89	88.99	2.22	4.41	0.09	0.68418
00	Ra-226	det3	vacuum	80	2.86	21.2	7822.00	0.89	91.91	2.25	5.51	0.11	0.70600
00	Ra-226	det3	vacuum	80	2.86	21.2	4867.31	0.71	96.14	1.78	9.36	0.14	0.78618
00	Ra-226	det3	vacuum	80	2.86	21.2	5405.42	1.03	93.64	2.60	6.57	0.15	0.77539
00	Ra-226	det3	vacuum	80	2.86	21.2	5591.28	1.03	85.08	2.60	8.87	0.15	0.77539
00	Ra-226	det3	vacuum	80	2.86	21.2	6115.41	0.66	92.13	1.66	8.98	0.13	0.80322
00	Ra-226	det3	vacuum	80	2.86	21.2	7824.04	0.60	90.29	1.51	10.98	0.15	0.82776
00	Ra-226	det3	vacuum	80	2.86	21.2	4869.48	0.75	91.41	1.88	9.14	0.16	0.75384
00	Ra-226	det3	vacuum	80	2.86	21.2	5403.47	1.09	89.98	2.74	6.25	0.16	0.76674
00	Ra-226	det3	vacuum	80	2.86	21.2	5592.12	1.09	81.16	2.74	9.22	0.16	0.76674
00	Ra-226	det3	vacuum	80	2.86	21.2	6114.14	0.61	89.17	1.53	9.44	0.13	0.81944
00	Ra-226	det3	vacuum	80	2.86	21.2	7824.98	0.67	91.92	1.69	10.18	0.15	0.79688
00	Ra-226	det3	vacuum	80	2.86	21.2	4871.11	0.71	88.59	1.77	8.18	0.14	0.76666
00	Ra-226	det3	vacuum	80	2.86	21.2	5403.38	1.25	101.37	3.17	5.69	0.15	0.73477
00	Ra-226	det3	vacuum	80	2.86	21.2	5592.02	1.25	83.89	3.17	8.18	0.15	0.73477
00	Ra-226	det3	vacuum	80	2.86	21.2	6116.61	0.74	98.22	1.87	7.67	0.12	0.77843
00	Ra-226	det3	vacuum	80	2.86	21.2	7821.18	0.70	95.39	1.77	9.22	0.14	0.79578
00	Ra-226	det3	vacuum	80	2.86	21.2	4867.39	0.68	93.30	1.70	9.30	0.14	0.79366
00	Ra-226	det3	vacuum	80	2.86	21.2	5407.85	1.28	105.79	3.27	6.10	0.16	0.76057
00	Ra-226	det3	vacuum	80	2.86	21.2	5593.00	1.28	84.39	3.27	9.60	0.16	0.76057
00	Ra-226	det3	vacuum	80	2.86	21.2	6114.84	0.69	91.71	1.74	8.87	0.14	0.78610
00	Ra-226	det3	vacuum	80	2.86	21.2	7822.53	0.62	97.04	1.55	10.62	0.14	0.83145
00	Ra-226	det3	vacuum	80	2.86	21.2	4868.72	0.69	91.63	1.74	9.10	0.14	0.78119
00	Ra-226	det3	vacuum	80	2.86	21.2	5401.83	1.16	100.70	2.93	6.17	0.15	0.77615
00	Ra-226	det3	vacuum	80	2.86	21.2	5593.51	1.16	81.93	2.93	9.45	0.15	0.77615
00	Ra-226	det3	vacuum	80	2.86	21.2	6114.90	0.64	91.63	1.60	9.31	0.13	0.81272
00	Ra-226	det3	vacuum	80	2.86	21.2	7823.42	0.60	92.87	1.50	10.95	0.15	0.83501
00	Ra-226	det3	vacuum	80	2.86	21.2	4870.43	0.76	97.62	1.90	8.72	0.14	0.76671
00	Ra-226	det3	vacuum	80	2.86	21.2	5404.53	1.20	99.38	3.05	5.92	0.15	0.75121
00	Ra-226	det3	vacuum	80	2.86	21.2	5591.65	1.20	84.14	3.05	8.70	0.15	0.75121
00	Ra-226	det3	vacuum	80	2.86	21.2	6115.20	0.65	90.36	1.64	8.94	0.13	0.80113
00	Ra-226	det3	vacuum	80	2.86	21.2	7821.76	0.66	98.65	1.68	10.01	0.14	0.82344
00	Ra-226	det3	vacuum	80	2.86	21.2	4871.03	0.63	87.09	1.58	10.10	0.15	0.80161
00	Ra-226	det3	vacuum	80	2.86	21.2	5405.61	1.16	97.19	2.93	6.35	0.16	0.75368
00	Ra-226	det3	vacuum	80	2.86	21.2	5591.17	1.16	87.65	2.93	8.96	0.16	0.75368
00	Ra-226	det3	vacuum	80	2.86	21.2	6114.89	0.60	90.53	1.50	9.20	0.13	0.83011
00	Ra-226	det3	vacuum	80	2.86	21.2	7825.75	0.59	86.20	1.47	11.35	0.16	0.82337
