SpectrumNumber	Isotope	Detector	Conditions	Voltage (V)	Current (nA)	Temperature (deg)	Energy(keV)	ΔEnergy(keV)	FWHM(keV)	ΔFWHM(keV)	Amplitude	ΔAmplitude	Adj.R^2
01	Ra-226	det4	HV-CSU	40	0	21.4	4843.81	0.42	64.51	1.03	21.04	0.28	0.86513
01	Ra-226	det4	HV-CSU	40	0	21.4	5377.01	0.55	62.75	1.36	13.65	0.25	0.89696
01	Ra-226	det4	HV-CSU	40	0	21.4	5566.36	0.55	56.62	1.36	21.68	0.25	0.89696
01	Ra-226	det4	HV-CSU	40	0	21.4	6091.11	0.31	56.12	0.75	22.62	0.25	0.90499
01	Ra-226	det4	HV-CSU	40	0	21.4	7802.59	0.26	50.35	0.64	24.05	0.26	0.91670
02	Ra-226	det4	HV-CSU	50	0	21.4	4857.73	0.40	64.85	1.00	20.43	0.26	0.87258
02	Ra-226	det4	HV-CSU	50	0	21.4	5392.28	0.53	62.11	1.30	14.37	0.25	0.89187
02	Ra-226	det4	HV-CSU	50	0	21.4	5582.29	0.53	56.47	1.30	20.97	0.25	0.89187
02	Ra-226	det4	HV-CSU	50	0	21.4	6108.87	0.31	55.03	0.77	21.60	0.26	0.89726
02	Ra-226	det4	HV-CSU	50	0	21.4	7825.22	0.26	50.69	0.63	23.04	0.24	0.91886
03	Ra-226	det4	HV-CSU	60	0	21.4	4862.22	0.43	64.65	1.08	20.89	0.29	0.85487
03	Ra-226	det4	HV-CSU	60	0	21.4	5397.55	0.55	60.71	1.36	14.02	0.26	0.87839
03	Ra-226	det4	HV-CSU	60	0	21.4	5589.83	0.55	57.35	1.36	20.10	0.26	0.87839
03	Ra-226	det4	HV-CSU	60	0	21.4	6117.21	0.30	57.46	0.75	21.70	0.24	0.90996
03	Ra-226	det4	HV-CSU	60	0	21.4	7834.96	0.26	50.09	0.63	24.33	0.26	0.91831
04	Ra-226	det4	HV-CSU	70	0	21.4	4864.04	0.41	66.19	1.01	21.16	0.27	0.87524
04	Ra-226	det4	HV-CSU	70	0	21.4	5397.13	0.58	60.69	1.43	14.13	0.28	0.86833
04	Ra-226	det4	HV-CSU	70	0	21.4	5589.77	0.58	56.92	1.43	20.50	0.28	0.86833
04	Ra-226	det4	HV-CSU	70	0	21.4	6115.97	0.30	54.34	0.75	22.39	0.26	0.90178
04	Ra-226	det4	HV-CSU	70	0	21.4	7835.58	0.27	47.81	0.66	24.25	0.28	0.90434
05	Ra-226	det4	HV-CSU	80	0	21.4	4862.15	0.40	65.59	0.99	20.92	0.27	0.87601
05	Ra-226	det4	HV-CSU	80	0	21.4	5397.23	0.55	59.73	1.35	14.41	0.27	0.88628
05	Ra-226	det4	HV-CSU	80	0	21.4	5588.72	0.55	57.06	1.35	21.82	0.27	0.88628
05	Ra-226	det4	HV-CSU	80	0	21.4	6115.35	0.29	52.01	0.71	24.08	0.27	0.90477
05	Ra-226	det4	HV-CSU	80	0	21.4	7833.74	0.25	49.60	0.62	24.73	0.26	0.91985
06	Ra-226	det4	HV-CSU	90	0	21.4	4861.97	0.41	67.08	1.01	19.91	0.25	0.87703
06	Ra-226	det4	HV-CSU	90	0	21.4	5395.39	0.50	59.30	1.24	14.28	0.25	0.89602
06	Ra-226	det4	HV-CSU	90	0	21.4	5588.61	0.50	56.60	1.24	20.99	0.25	0.89602
06	Ra-226	det4	HV-CSU	90	0	21.4	6114.68	0.32	55.62	0.79	22.82	0.27	0.89456
06	Ra-226	det4	HV-CSU	90	0	21.4	7834.19	0.27	50.22	0.66	24.32	0.27	0.91183
07	Ra-226	det4	HV-CSU	100	0	21.4	4860.07	0.39	65.59	0.96	20.15	0.25	0.88300
07	Ra-226	det4	HV-CSU	100	0	21.4	5396.09	0.56	62.19	1.38	13.10	0.24	0.89128
07	Ra-226	det4	HV-CSU	100	0	21.4	5586.19	0.56	55.82	1.38	20.75	0.24	0.89128
07	Ra-226	det4	HV-CSU	100	0	21.4	6113.20	0.31	56.71	0.76	22.68	0.26	0.90522
07	Ra-226	det4	HV-CSU	100	0	21.4	7833.62	0.28	51.28	0.68	24.00	0.27	0.90865
08	Ra-226	det4	HV-CSU	110	0	21.4	4862.31	0.38	65.37	0.94	20.74	0.25	0.88794
08	Ra-226	det4	HV-CSU	110	0	21.4	5394.87	0.52	59.71	1.28	14.87	0.27	0.88636
08	Ra-226	det4	HV-CSU	110	0	21.4	5584.74	0.52	54.41	1.28	21.29	0.27	0.88636
08	Ra-226	det4	HV-CSU	110	0	21.4	6111.90	0.31	56.38	0.77	21.75	0.25	0.90189
08	Ra-226	det4	HV-CSU	110	0	21.4	7829.77	0.27	52.81	0.67	22.72	0.24	0.91439
09	Ra-226	det4	HV-CSU	120	0	21.4	4858.65	0.42	68.87	1.04	19.35	0.24	0.87517
09	Ra-226	det4	HV-CSU	120	0	21.4	5393.29	0.55	62.82	1.35	14.44	0.26	0.87827
09	Ra-226	det4	HV-CSU	120	0	21.4	5584.84	0.55	63.11	1.35	19.22	0.26	0.87827
09	Ra-226	det4	HV-CSU	120	0	21.4	6111.32	0.32	57.93	0.79	21.93	0.25	0.89984
09	Ra-226	det4	HV-CSU	120	0	21.4	7828.63	0.27	53.17	0.66	23.64	0.25	0.91808
10	Ra-226	det4	HV-CSU	140	0	21.4	4857.07	0.41	66.91	1.01	20.14	0.26	0.87440
10	Ra-226	det4	HV-CSU	140	0	21.4	5390.93	0.54	63.37	1.33	14.11	0.25	0.88693
10	Ra-226	det4	HV-CSU	140	0	21.4	5580.85	0.54	59.69	1.33	19.70	0.25	0.88693
10	Ra-226	det4	HV-CSU	140	0	21.4	6106.62	0.33	58.88	0.82	21.39	0.25	0.89713
10	Ra-226	det4	HV-CSU	140	0	21.4	7823.73	0.30	56.29	0.74	22.38	0.25	0.90660
11	Ra-226	det4	HV-CSU	160	0	21.4	4850.93	0.45	71.20	1.11	19.07	0.25	0.86454
11	Ra-226	det4	HV-CSU	160	0	21.4	5384.13	0.62	69.00	1.55	12.83	0.24	0.87509
11	Ra-226	det4	HV-CSU	160	0	21.4	5576.42	0.62	65.63	1.55	18.61	0.24	0.87509
11	Ra-226	det4	HV-CSU	160	0	21.4	6101.77	0.35	61.20	0.86	21.20	0.25	0.89232
11	Ra-226	det4	HV-CSU	160	0	21.4	7815.76	0.35	61.24	0.86	20.90	0.25	0.89168
12	Ra-226	det4	HV-CSU	200	0	21.4	4842.52	0.44	66.56	1.08	19.85	0.27	0.85942
12	Ra-226	det4	HV-CSU	200	0	21.4	5374.20	0.54	56.75	1.33	14.76	0.29	0.87205
12	Ra-226	det4	HV-CSU	200	0	21.4	5564.73	0.54	54.45	1.33	21.27	0.29	0.87205
12	Ra-226	det4	HV-CSU	200	0	21.4	6089.78	0.33	58.92	0.81	22.07	0.25	0.89879
12	Ra-226	det4	HV-CSU	200	0	21.4	7800.84	0.27	50.53	0.67	23.61	0.26	0.90825
13	Ra-226	det4	HV-CSU	250	0	21.4	4828.27	0.43	66.37	1.06	20.39	0.27	0.86210
13	Ra-226	det4	HV-CSU	250	0	21.4	5357.52	0.56	59.48	1.38	13.78	0.27	0.87623
13	Ra-226	det4	HV-CSU	250	0	21.4	5547.81	0.56	54.38	1.38	20.57	0.27	0.87623
13	Ra-226	det4	HV-CSU	250	0	21.4	6070.83	0.32	58.36	0.78	22.00	0.25	0.90504
13	Ra-226	det4	HV-CSU	250	0	21.4	7776.79	0.27	50.05	0.67	25.48	0.29	0.90722
14	Ra-226	det4	HV-CSU	300	0	21.4	4811.92	0.41	65.75	1.02	20.08	0.26	0.87216
14	Ra-226	det4	HV-CSU	300	0	21.4	5338.62	0.58	61.47	1.44	13.83	0.27	0.87593
14	Ra-226	det4	HV-CSU	300	0	21.4	5528.51	0.58	55.35	1.44	21.09	0.27	0.87593
14	Ra-226	det4	HV-CSU	300	0	21.4	6048.09	0.31	59.18	0.77	22.46	0.25	0.90722
14	Ra-226	det4	HV-CSU	300	0	21.4	7747.20	0.30	52.18	0.73	24.72	0.29	0.89783
15	Ra-226	det4	HV-CSU	350	0	21.4	4791.25	0.41	64.09	1.01	20.82	0.27	0.86969
15	Ra-226	det4	HV-CSU	350	0	21.4	5319.04	0.56	60.90	1.38	13.96	0.26	0.88483
15	Ra-226	det4	HV-CSU	350	0	21.4	5504.81	0.56	55.22	1.38	21.30	0.26	0.88483
15	Ra-226	det4	HV-CSU	350	0	21.4	6024.02	0.30	56.39	0.75	23.91	0.27	0.90584
15	Ra-226	det4	HV-CSU	350	0	21.4	7717.38	0.26	50.61	0.64	25.02	0.26	0.91635
16	Ra-226	det4	HV-CSU	400	0	21.4	4770.43	0.38	65.74	0.93	20.71	0.24	0.89078
16	Ra-226	det4	HV-CSU	400	0	21.4	5293.79	0.56	60.01	1.39	14.10	0.27	0.87665
16	Ra-226	det4	HV-CSU	400	0	21.4	5480.95	0.56	55.81	1.39	20.87	0.27	0.87665
16	Ra-226	det4	HV-CSU	400	0	21.4	5997.22	0.28	56.84	0.70	23.59	0.24	0.91783
16	Ra-226	det4	HV-CSU	400	0	21.4	7681.90	0.29	52.30	0.71	24.57	0.28	0.90384
